-2.069900 33.141900 0.00
-652.782000 -32.730600 0.00
-99.582600 368.102000 0.00
-681.204000 -195.968000 0.00
501.306000 -1060.520000 0.00
188.407000 664.309000 0.00
162.558000 189.839000 0.00
46.034200 -1322.170000 0.00
2.066280 -329.396000 0.00
-175.211000 -120.239000 0.00
32.801000 28.022100 0.00
-97.909400 -46.856200 0.00
-735.028000 -876.999000 0.00
-95.320100 -1332.470000 0.00
-10.342900 -668.916000 0.00
85.497800 -59.683600 0.00
-321.164000 -289.105000 0.00
-47.644200 -175.748000 0.00
-17.669500 343.754000 0.00
599.268000 -1719.310000 0.00
-984.741000 -815.440000 0.00
-154.114000 -225.868000 0.00
-800.323000 -418.586000 0.00
-906.238000 160.767000 0.00
-257.497000 -577.921000 0.00
-219.171000 -729.470000 0.00
89.839800 -117.206000 0.00
-616.071000 -570.802000 0.00
-519.394000 -2322.040000 0.00
-269.658000 -181.698000 0.00
-567.949000 -427.349000 0.00
115.172000 -370.724000 0.00
267.077000 -668.629000 0.00
-464.425000 -218.200000 0.00
-984.451000 -408.854000 0.00
1.844200 530.073000 0.00
-24.974700 -814.513000 0.00
-83.981500 -423.290000 0.00
-46.137000 447.656000 0.00
-642.575000 -1904.290000 0.00
290.789000 -1068.030000 0.00
-21.399600 131.598000 0.00
585.683000 -2426.600000 0.00
-438.513000 339.157000 0.00
-265.639000 -441.173000 0.00
84.253700 -1791.430000 0.00
-107.111000 -2544.790000 0.00
772.383000 -2323.590000 0.00
728.356000 -2024.410000 0.00
-163.674000 -418.096000 0.00
-372.668000 -638.733000 0.00
-1088.300000 181.380000 0.00
20.381800 -87.033900 0.00
-220.034000 -798.150000 0.00
-464.384000 -803.393000 0.00
-136.879000 355.881000 0.00
-335.392000 -903.372000 0.00
