-294.467426 -364.482066 0.00
-1859.065174 -256.012898 0.00
-502.746504 -1174.702992 0.00
-1939.580874 133.068554 0.00
828.954314 2294.977902 0.00
209.985334 -1862.769757 0.00
112.003469 -727.545435 0.00
-282.087508 2887.517754 0.00
-312.082831 504.745606 0.00
-721.090542 -10.013245 0.00
-211.279276 -349.563300 0.00
-530.245524 -180.023862 0.00
-2120.296808 1761.244215 0.00
-621.660887 2901.470765 0.00
-367.605537 1317.548720 0.00
-91.637901 -135.352992 0.00
-1083.726353 383.634017 0.00
-419.559501 132.714691 0.00
-308.269912 -1110.126908 0.00
1013.720685 3881.373048 0.00
-2714.122654 1594.740927 0.00
-678.547045 244.755289 0.00
-2241.983813 657.583655 0.00
-2451.843493 -739.024567 0.00
-953.063152 1080.688933 0.00
-872.712878 1446.824600 0.00
-85.599084 2.843664 0.00
-1811.935690 1036.398641 0.00
-1713.202646 5241.023622 0.00
-952.123422 130.117063 0.00
-1685.706267 696.231390 0.00
-44.134604 612.387114 0.00
297.323078 1337.926342 0.00
-1421.703433 202.813963 0.00
-2682.554060 620.276960 0.00
-247.352533 -1555.205680 0.00
-413.730042 1665.397640 0.00
-525.447766 723.252362 0.00
-368.609810 -1361.315919 0.00
-1976.715750 4230.426714 0.00
323.826919 2296.992200 0.00
-333.319806 -601.924737 0.00
927.453733 5575.540523 0.00
-1317.276664 -1131.065196 0.00
-962.193743 752.319580 0.00
-226.117425 4015.119948 0.00
-741.976568 5806.206357 0.00
1382.749333 5342.827856 0.00
1299.945325 4622.424333 0.00
-716.056561 704.752292 0.00
-1233.717201 1217.694895 0.00
-2886.635816 -802.253447 0.00
-249.781639 -74.745586 0.00
-879.996394 1611.368027 0.00
-1466.040973 1605.379826 0.00
-593.064726 -1148.244330 0.00
-1164.470847 1854.799564 0.00
