111.230836 -74.774112 0.00
-979.026957 -126.917662 0.00
-1014.716533 -1210.420901 0.00
-1906.648881 -1767.681115 0.00
298.231026 1915.164677 0.00
1306.411641 -1872.791891 0.00
225.403265 -245.782744 0.00
-14.806930 2831.704138 0.00
-453.975019 412.480350 0.00
-476.769610 -560.529500 0.00
-537.378946 -830.824723 0.00
-2047.627867 210.165868 0.00
-2024.027721 945.279954 0.00
-1138.880915 3458.784718 0.00
-318.946977 805.876849 0.00
722.385593 -492.226187 0.00
-1167.518208 399.338647 0.00
-1293.910596 481.567444 0.00
-409.163701 -1216.845488 0.00
2322.049366 3479.447309 0.00
-1807.159821 1499.774439 0.00
-111.701858 255.373828 0.00
-1304.289045 1170.914553 0.00
-2733.475072 -305.614926 0.00
-1659.617477 456.742220 0.00
-1310.198014 55.190568 0.00
-290.916167 66.281361 0.00
-2754.992868 1595.618052 0.00
-1610.711395 3377.100776 0.00
-1254.656019 538.915643 0.00
-1321.723745 1167.725786 0.00
-604.322135 507.020580 0.00
527.388502 1777.345605 0.00
-2203.129608 592.711587 0.00
-2544.338322 146.781629 0.00
-503.497174 -818.720346 0.00
-1044.175102 2387.177163 0.00
-727.617427 994.804534 0.00
-192.807553 -887.330326 0.00
-1983.889630 4337.139948 0.00
346.316655 1902.616093 0.00
-1014.387539 -438.442329 0.00
1160.417955 5921.556140 0.00
-1211.824127 -1331.674051 0.00
-255.475198 900.482175 0.00
801.690937 3600.550413 0.00
-532.225925 6142.417109 0.00
254.789039 4887.086134 0.00
802.449569 5004.652261 0.00
-1072.262357 562.872365 0.00
-1378.981201 1726.804348 0.00
-3075.893605 -898.510876 0.00
766.853597 -886.039247 0.00
-2056.489534 2093.549093 0.00
-648.414901 873.579655 0.00
-262.944054 -969.791576 0.00
-791.414602 2133.409561 0.00
