47.500770 -351.758403 0.00
-2448.138284 1025.952192 0.00
-646.635083 -954.886909 0.00
-2381.601919 700.400104 0.00
1253.618486 2151.662727 0.00
1274.458024 -1397.162343 0.00
-20.113138 -1213.062270 0.00
446.266086 2512.817083 0.00
-369.741383 -1119.418990 0.00
44.648404 -420.807281 0.00
-744.757573 -1387.096841 0.00
-628.509004 -435.871872 0.00
-1467.244419 2379.314251 0.00
-185.628009 2626.109793 0.00
1170.339138 2485.718223 0.00
-69.334568 239.318251 0.00
-1088.230306 131.674606 0.00
478.451451 831.389934 0.00
-1699.556983 -806.708385 0.00
1293.642636 3295.421276 0.00
-706.930035 2601.625886 0.00
-656.050594 211.433339 0.00
-2684.716027 225.480344 0.00
-1244.713515 -882.669963 0.00
-2218.451193 1302.306822 0.00
-294.257115 1000.567367 0.00
109.501084 914.210658 0.00
10.104329 778.545187 0.00
-1296.970788 5421.203601 0.00
-387.552404 115.971473 0.00
-3184.265762 1464.891408 0.00
1348.097123 2088.490183 0.00
-176.844924 -131.009254 0.00
-1864.734961 365.247108 0.00
-860.586441 1748.376814 0.00
639.760515 -1709.165791 0.00
-590.855331 2765.281469 0.00
-1522.919388 165.071983 0.00
549.308736 -849.991423 0.00
-2038.096914 4657.319871 0.00
-1118.734908 2021.101083 0.00
1164.641610 -1539.832158 0.00
1779.226847 5370.053484 0.00
-1333.257996 -230.349042 0.00
166.545909 313.318239 0.00
-470.946852 5012.844497 0.00
-531.470789 4366.515235 0.00
1145.264001 4771.105113 0.00
1315.934894 3602.580668 0.00
-2050.783397 1057.205920 0.00
972.551477 1704.869161 0.00
-3256.460369 -139.259664 0.00
-1382.822879 -292.870385 0.00
-1407.524110 2115.134665 0.00
-3099.862071 859.038993 0.00
-255.246110 -1358.070880 0.00
-1140.366166 1650.452840 0.00
