-272.344384 -356.599087 0.00
-1883.480291 -202.258109 0.00
-430.014818 -1122.259077 0.00
-2045.233453 294.238429 0.00
928.211551 2164.780626 0.00
22.786201 -2084.323804 0.00
220.630982 -626.338280 0.00
-312.198710 2846.812731 0.00
-291.394323 354.112958 0.00
-964.845363 127.878300 0.00
-368.795851 -412.504000 0.00
-384.498636 -68.561664 0.00
-1868.636653 1808.027191 0.00
-655.786391 3081.599031 0.00
-292.738713 1372.979665 0.00
129.276215 -55.256621 0.00
-863.754005 306.284405 0.00
-650.875412 58.892381 0.00
-438.630131 -910.287599 0.00
961.956201 3838.089672 0.00
-2540.223924 1615.101278 0.00
-848.177527 41.784008 0.00
-2278.264538 729.685674 0.00
-2294.230547 -755.011725 0.00
-944.876553 1134.372852 0.00
-816.743041 1416.425729 0.00
-125.560122 -131.773397 0.00
-1714.155738 1244.854718 0.00
-1598.019104 5262.902553 0.00
-1012.992142 -126.786666 0.00
-1462.814166 722.411075 0.00
29.124662 540.101262 0.00
218.471769 1340.179675 0.00
-1346.875283 388.199062 0.00
-2748.936491 567.592893 0.00
-266.585886 -1346.074722 0.00
-337.813507 1710.726364 0.00
-654.969156 587.192829 0.00
-411.475711 -1121.927370 0.00
-2121.995517 4307.684394 0.00
238.799194 2378.509805 0.00
-218.448756 -783.416225 0.00
743.693665 5681.447157 0.00
-1386.488014 -1059.071886 0.00
-965.722550 638.393007 0.00
-409.209901 4113.700570 0.00
-709.867322 5870.392007 0.00
1132.387591 5404.170848 0.00
1324.717478 4704.766114 0.00
-663.240090 616.675465 0.00
-1391.230311 1055.618502 0.00
-2946.813543 -894.226645 0.00
-176.074522 -256.767368 0.00
-914.284077 1562.791814 0.00
-1696.421797 1709.763896 0.00
-588.013216 -1137.977326 0.00
-1129.376368 1893.825688 0.00
