-98.561294 -453.548376 0.00
-2057.803681 -123.987522 0.00
-583.522977 -1582.364676 0.00
-1868.968719 248.879945 0.00
1153.796788 2322.785396 0.00
249.764923 -1491.561411 0.00
-413.399704 -873.023598 0.00
-106.700651 2461.147570 0.00
-570.894947 688.555913 0.00
-456.128670 259.782727 0.00
-289.967046 -161.876074 0.00
-163.221112 224.211386 0.00
-1946.892467 1420.185831 0.00
-582.197320 2640.526221 0.00
-602.125978 1435.994004 0.00
-288.338134 167.800243 0.00
-1592.027084 971.679108 0.00
-1004.653571 161.136992 0.00
-719.841124 -1040.905540 0.00
776.064165 4067.921677 0.00
-2658.131793 1530.185842 0.00
-624.556536 238.307840 0.00
-2446.183094 681.575392 0.00
-2703.054178 -703.270803 0.00
-651.626136 1541.109772 0.00
-833.949762 1719.755687 0.00
-184.880371 -87.470817 0.00
-1921.516187 1153.473631 0.00
-1602.053720 5032.888496 0.00
-1365.014610 0.233147 0.00
-1632.404106 351.756726 0.00
92.181044 613.440804 0.00
642.683649 989.478943 0.00
-1575.298918 854.925169 0.00
-2685.679728 823.555948 0.00
-55.462888 -1913.234545 0.00
-9.614327 1541.442989 0.00
-875.183128 594.775923 0.00
-802.012175 -1808.475800 0.00
-2093.853410 4475.601782 0.00
308.922412 2207.509760 0.00
-224.458761 -320.975746 0.00
977.365625 5676.994926 0.00
-1461.960126 -927.887318 0.00
-772.490776 831.609575 0.00
-191.200366 4614.146800 0.00
-834.481199 5777.921472 0.00
1408.909736 5372.101016 0.00
1615.115622 4870.391335 0.00
-592.250549 616.037257 0.00
-1332.196729 1204.045988 0.00
-3330.626071 -742.361726 0.00
-315.983085 -753.189716 0.00
-835.737698 1659.367965 0.00
-1573.739587 1569.315376 0.00
-477.845162 -787.446050 0.00
-1442.638232 1756.403280 0.00
