-550.768652 -3254.001344 0.00
-2592.020841 -756.983380 0.00
-76.892942 -2782.315099 0.00
-3556.713104 1176.464350 0.00
-262.812080 2714.641789 0.00
-1156.659109 -2143.238048 0.00
-1090.198771 -172.950605 0.00
413.953737 2990.957214 0.00
-823.184480 -1687.828325 0.00
-1348.124038 -457.728522 0.00
-59.244861 -1570.582789 0.00
609.952586 -937.143744 0.00
40.758735 -437.710662 0.00
1121.119016 3244.377150 0.00
1149.331138 1369.920877 0.00
-2173.071904 105.599696 0.00
-3000.304210 118.768147 0.00
-488.620303 1992.300196 0.00
-1095.514362 -1359.002003 0.00
2249.836321 2351.195058 0.00
-2764.092616 2550.325882 0.00
-546.235753 1050.569457 0.00
-1261.718257 1453.314130 0.00
-2541.079760 -19.720839 0.00
-294.344770 -364.171947 0.00
-1491.919345 522.692272 0.00
-772.804487 -627.548203 0.00
-2581.039753 780.835162 0.00
-1583.122650 6196.172046 0.00
-1907.146196 -1322.906829 0.00
-796.199951 613.736839 0.00
-2794.677948 -1840.552593 0.00
-232.414340 2302.332718 0.00
-793.237999 923.126728 0.00
-3299.687017 -712.411705 0.00
-576.549442 -1594.156549 0.00
-274.259861 869.785958 0.00
-403.699122 3646.601886 0.00
-1618.562309 1758.062104 0.00
-1448.811493 4932.660264 0.00
2309.135332 4334.920316 0.00
559.657121 -770.741415 0.00
192.971861 6802.119537 0.00
-1196.892206 -1522.446384 0.00
-1539.609631 -565.991196 0.00
-92.349747 5816.310492 0.00
1413.289552 6266.102794 0.00
788.176186 3838.375063 0.00
2329.676743 6168.850868 0.00
-1873.272458 1486.606361 0.00
-921.572583 1577.330486 0.00
-3470.534753 -607.658472 0.00
359.967781 -893.832759 0.00
-92.706492 1865.514499 0.00
-943.148098 2941.840921 0.00
-704.710842 -2751.536197 0.00
-2356.446915 102.808794 0.00
