-135.308168 -520.795342 0.00
-1154.473353 332.378394 0.00
-1093.071510 -1132.565825 0.00
-2400.170252 -573.843946 0.00
1478.606677 1573.611826 0.00
267.206959 -2760.348705 0.00
1515.001097 -1453.294964 0.00
-146.110689 2819.024217 0.00
-254.691689 5.884230 0.00
-1252.086512 -1365.970846 0.00
-563.353486 490.017330 0.00
-1280.894238 -320.607816 0.00
-2684.327463 2317.924792 0.00
9.457583 2749.197529 0.00
-935.158426 1233.942419 0.00
-352.661268 -175.688719 0.00
-300.812061 364.922842 0.00
-132.505653 1170.226452 0.00
-21.247208 -1313.835050 0.00
307.884782 5348.586074 0.00
-2808.573721 757.648693 0.00
-586.263203 388.748280 0.00
-1505.792951 -71.343430 0.00
-2788.919534 -516.250716 0.00
-1216.019906 239.377028 0.00
-1299.097145 1476.818329 0.00
562.467334 -566.472328 0.00
-1854.762694 2025.565067 0.00
-2779.975393 5697.866285 0.00
-939.606240 935.118335 0.00
-2249.072619 454.365344 0.00
310.544392 19.274090 0.00
-8.685118 633.745393 0.00
-1895.693483 435.091783 0.00
-2615.304251 1280.035339 0.00
69.135684 -411.864802 0.00
-595.782559 2087.780704 0.00
1.104147 982.129859 0.00
-340.641631 226.805066 0.00
-1934.343584 4066.493005 0.00
1234.653768 1852.321583 0.00
1.719432 -1095.010678 0.00
160.584531 4647.029368 0.00
-1141.844306 -387.991238 0.00
-1008.052181 -57.516529 0.00
90.582142 3592.544377 0.00
-1170.079900 6340.690959 0.00
942.994849 5124.500538 0.00
693.148243 6273.394992 0.00
-808.151646 756.243947 0.00
-2087.240107 834.180330 0.00
-2811.327431 -466.216583 0.00
155.277450 -420.427818 0.00
-593.358249 1573.987241 0.00
-938.277889 1618.287342 0.00
-991.541264 -153.323192 0.00
-768.281918 1294.403810 0.00
