-693.372588 -898.762343 0.00
-2544.384345 -1700.354759 0.00
-1013.590910 -439.839768 0.00
-2752.819187 -1104.508471 0.00
465.080610 3830.353548 0.00
-473.696442 -3412.077326 0.00
-1399.850543 -524.277441 0.00
193.416314 1118.914719 0.00
533.166893 787.117903 0.00
-1305.686464 -747.685350 0.00
-964.490359 -279.453220 0.00
-1280.609771 299.048935 0.00
-988.354858 1178.618503 0.00
-128.101244 3012.064236 0.00
-314.611252 632.368524 0.00
-526.527486 750.997492 0.00
-328.701457 1113.579109 0.00
-588.435194 -405.610934 0.00
170.990902 626.955051 0.00
1163.199794 1982.926393 0.00
-2735.728355 2266.325905 0.00
-1416.958568 413.773128 0.00
-765.942012 396.205984 0.00
-3151.001729 -346.522065 0.00
-2150.725469 1731.688873 0.00
-1036.264015 3729.891080 0.00
-292.028558 -457.684799 0.00
-2466.878971 1600.094586 0.00
-1278.681570 6006.457186 0.00
-1222.934782 169.437003 0.00
-1375.634317 853.136374 0.00
913.432726 1469.980169 0.00
-747.373273 1075.773572 0.00
-1091.124539 586.458443 0.00
-1610.367248 1336.261550 0.00
0.351379 -1267.109892 0.00
-29.762025 1497.822460 0.00
-698.131872 908.857861 0.00
79.613814 -2787.077603 0.00
-1520.907479 4759.656598 0.00
32.119347 3459.996824 0.00
195.627478 -1216.115179 0.00
-482.542382 5152.774622 0.00
-306.502194 -1669.573298 0.00
-1640.690851 1.492511 0.00
-337.466508 4558.717904 0.00
-1040.477304 5869.613557 0.00
952.952341 5024.365158 0.00
2791.075189 4178.652942 0.00
-1095.297746 149.926882 0.00
-1167.569167 1696.087922 0.00
-2901.293767 -945.981783 0.00
-799.005048 -168.327856 0.00
-1737.357120 1556.408483 0.00
-2915.311734 2440.406775 0.00
-573.497112 -1336.467904 0.00
-1779.043642 1560.860002 0.00
