348.797798 184.635688 0.00
-1765.344660 -67.813569 0.00
-732.888829 -916.986684 0.00
-1576.322674 183.253243 0.00
877.691400 1897.321796 0.00
74.420592 -1925.124982 0.00
77.285211 -899.768600 0.00
-99.847421 2417.389118 0.00
209.341387 661.159730 0.00
-823.119546 -130.681878 0.00
40.168711 149.412374 0.00
-459.336994 271.538344 0.00
-1870.877808 1574.175359 0.00
-544.138449 2486.110557 0.00
-245.614689 974.477549 0.00
-397.921188 -135.740605 0.00
-960.235736 440.742189 0.00
-291.601016 -203.621309 0.00
-166.978800 -1459.247818 0.00
1418.877412 4042.808781 0.00
-2343.969899 1537.757872 0.00
-600.930649 394.488512 0.00
-2390.507809 414.791423 0.00
-2263.574266 -1467.413776 0.00
-1000.599525 1105.875228 0.00
-967.560119 1429.218459 0.00
-114.636320 -256.455832 0.00
-1929.005847 1206.636517 0.00
-1827.954488 5270.529924 0.00
-802.825367 308.557221 0.00
-1733.859232 -181.988851 0.00
449.850499 777.587199 0.00
546.899584 1217.008979 0.00
-1679.066668 238.980927 0.00
-2700.866543 1035.057606 0.00
-368.917849 -1985.708724 0.00
-300.901816 1488.401393 0.00
239.705013 917.688188 0.00
266.577065 -1031.240359 0.00
-1786.686373 4236.583673 0.00
253.994360 2632.796825 0.00
-552.626144 -172.269536 0.00
1352.827453 5900.180225 0.00
-1268.771281 -1305.624431 0.00
-743.991170 974.267446 0.00
-187.646075 4326.200819 0.00
-643.549861 5919.497653 0.00
1403.138197 5772.683980 0.00
1382.265593 4037.718237 0.00
-682.196431 1313.629299 0.00
-1289.569995 1424.128500 0.00
-3095.474894 -1020.072521 0.00
-919.196291 -264.664136 0.00
-1055.137806 1794.685510 0.00
-1801.862908 1363.230104 0.00
-389.231909 -803.387059 0.00
-1438.016284 1784.807939 0.00
