-808.882742 -1043.237639 0.00
-2801.395875 -148.650655 0.00
-265.027727 -1366.351037 0.00
-1385.220060 -47.340602 0.00
1176.549437 1897.730208 0.00
483.014548 -2070.773194 0.00
-961.206395 -830.487690 0.00
-1804.732024 4207.884859 0.00
-288.055995 -32.994351 0.00
838.040199 961.438645 0.00
-2233.561068 -76.176610 0.00
-733.838000 1257.773957 0.00
-2297.917733 1456.640879 0.00
-631.896608 2180.446356 0.00
-1602.256094 2586.414246 0.00
-790.514881 -2877.930433 0.00
-2169.429217 -180.086130 0.00
700.692921 2874.394773 0.00
801.425660 -1049.967217 0.00
790.215455 1834.116808 0.00
-2642.826758 1625.141161 0.00
-2046.975539 568.496580 0.00
-2212.306417 1383.319049 0.00
-2846.211249 605.251761 0.00
725.472586 867.051733 0.00
-123.504823 1979.120675 0.00
434.184968 572.731655 0.00
-2282.592144 1021.101826 0.00
-1732.797603 5300.508788 0.00
2161.301557 -780.359962 0.00
-145.134774 176.042560 0.00
17.833663 -429.815916 0.00
740.089810 1641.610751 0.00
-1207.283565 145.674816 0.00
-2846.275780 443.853239 0.00
-506.489950 -84.911565 0.00
-286.340121 1795.879299 0.00
310.800930 671.627746 0.00
389.722669 -1907.106211 0.00
-1758.178351 2510.033243 0.00
1356.264188 1912.605257 0.00
-1647.713086 -2948.562724 0.00
1557.984047 5008.754790 0.00
-2981.519129 -1121.075104 0.00
-1274.143064 1998.216108 0.00
-818.404119 3200.781480 0.00
-327.672756 6109.275788 0.00
-903.751032 5342.798971 0.00
530.963202 2396.211237 0.00
-2324.077311 -1144.011793 0.00
-809.430526 1023.619526 0.00
-2652.421461 413.876926 0.00
-427.446614 -673.570513 0.00
-1084.832881 2284.264567 0.00
-256.713136 884.742934 0.00
-631.902668 -2212.581110 0.00
-1086.264883 562.505860 0.00
