-5572.570000 2839.810000 0.00
-6729.210000 2962.820000 0.00
-8326.720000 3219.840000 0.00
-4961.070000 2920.670000 0.00
-6202.700000 3014.640000 0.00
-5544.930000 2494.330000 0.00
-6712.640000 3446.490000 0.00
-5400.520000 2707.840000 0.00
-5383.920000 2365.840000 0.00
-5220.180000 2746.550000 0.00
-7159.690000 3326.960000 0.00
-5320.370000 2850.200000 0.00
-5685.170000 2603.520000 0.00
-6805.210000 2342.340000 0.00
-6725.750000 2604.200000 0.00
-5577.400000 2768.640000 0.00
-5531.110000 1846.220000 0.00
-8313.570000 3276.500000 0.00
-8456.600000 2861.920000 0.00
-5690.010000 2157.150000 0.00
-6193.720000 3106.520000 0.00
-6068.670000 2926.890000 0.00
-6709.880000 3102.400000 0.00
-5245.720000 3038.810000 0.00
-6380.270000 2936.570000 0.00
-5047.440000 2870.910000 0.00
-5322.420000 2687.110000 0.00
-5468.210000 2891.630000 0.00
-8176.090000 3183.220000 0.00
-6711.930000 2179.950000 0.00
-6047.920000 2672.620000 0.00
-6702.970000 1990.630000 0.00
-6279.390000 2235.230000 0.00
-8507.060000 3404.340000 0.00
-6772.070000 3241.950000 0.00
-5754.270000 2130.200000 0.00
-5198.070000 2978.710000 0.00
-5509.000000 2756.920000 0.00
-6584.820000 2235.230000 0.00
-7909.380000 2940.710000 0.00
