-6193.720000 3106.520000 0.00
-6068.670000 2926.890000 0.00
-6709.880000 3102.400000 0.00
-5245.720000 3038.810000 0.00
-6380.270000 2936.570000 0.00
-5047.440000 2870.910000 0.00
-5322.420000 2687.110000 0.00
-5468.210000 2891.630000 0.00
-8176.090000 3183.220000 0.00
-6711.930000 2179.950000 0.00
-6047.920000 2672.620000 0.00
-6702.970000 1990.630000 0.00
-6279.390000 2235.230000 0.00
-8507.060000 3404.340000 0.00
-6772.070000 3241.950000 0.00
-5754.270000 2130.200000 0.00
-5198.070000 2978.710000 0.00
-5509.000000 2756.920000 0.00
-6584.820000 2235.230000 0.00
-7909.380000 2940.710000 0.00
-6050.690000 2294.650000 0.00
-6129.460000 2367.200000 0.00
-6626.970000 2498.480000 0.00
-7667.550000 2226.260000 0.00
-7221.190000 2568.270000 0.00
-5166.260000 2779.700000 0.00
-5916.640000 3092.700000 0.00
-5484.790000 3016.030000 0.00
-6610.360000 2698.170000 0.00
-5772.250000 2877.830000 0.00
-6498.450000 2309.870000 0.00
-6039.650000 2727.210000 0.00
-5696.920000 1931.220000 0.00
-5823.360000 2103.960000 0.00
-8459.380000 3264.080000 0.00
-5261.630000 2974.550000 0.00
-5689.320000 2252.500000 0.00
-5551.820000 2343.710000 0.00
-5195.300000 2832.230000 0.00
-8380.610000 2622.850000 0.00
