-6050.690000 2294.650000 0.00
-6129.460000 2367.200000 0.00
-6626.970000 2498.480000 0.00
-7667.550000 2226.260000 0.00
-7221.190000 2568.270000 0.00
-5166.260000 2779.700000 0.00
-5916.640000 3092.700000 0.00
-5484.790000 3016.030000 0.00
-6610.360000 2698.170000 0.00
-5772.250000 2877.830000 0.00
-6498.450000 2309.870000 0.00
-6039.650000 2727.210000 0.00
-5696.920000 1931.220000 0.00
-5823.360000 2103.960000 0.00
-8459.380000 3264.080000 0.00
-5261.630000 2974.550000 0.00
-5689.320000 2252.500000 0.00
-5551.820000 2343.710000 0.00
-5195.300000 2832.230000 0.00
-8380.610000 2622.850000 0.00
-6188.880000 3076.140000 0.00
-5570.490000 2788.700000 0.00
-7132.050000 2806.650000 0.00
-5463.380000 2636.000000 0.00
-5790.890000 2758.280000 0.00
-6445.930000 2571.740000 0.00
-5015.640000 2908.910000 0.00
-6194.430000 2749.990000 0.00
-8112.520000 3293.770000 0.00
-5959.500000 2879.910000 0.00
-6683.620000 3008.430000 0.00
-6660.110000 2935.870000 0.00
-6477.720000 2246.280000 0.00
-6675.330000 2324.360000 0.00
-7390.450000 3095.470000 0.00
-6680.170000 2434.220000 0.00
-6012.690000 2240.060000 0.00
-6441.790000 2674.670000 0.00
-8452.470000 3288.930000 0.00
-5228.450000 2861.230000 0.00
